h1_maxRetry_t2_ip2 h1_maxRetry_t2_ip1 h1_maxRetry_t3_bza h1_maxRetry_t3_bzb r1_maxRetry_t1_msa r2_maxRetry_t1_msb r3_maxRetry_t4_se1 r3_maxRetry_t4_wcp1

2 2 1 1 4 3 2 3 
1 1 1 1 3 4 1 5 
1 1 1 1 4 3 1 5 
2 2 1 1 4 3 2 3 
2 2 1 1 4 3 1 5 
1 2 1 1 4 3 2 3 
1 2 1 1 3 3 1 5 
1 1 1 1 2 4 5 4 
1 2 1 1 2 4 5 4 
2 2 1 1 4 3 1 5 
1 1 1 1 4 3 2 3 
1 2 1 1 4 3 1 5 
2 2 1 1 4 3 2 4 
1 1 1 1 4 3 1 5 
1 2 1 1 4 3 2 3 
2 2 1 1 4 3 1 5 
1 1 1 1 4 3 2 3 
1 2 1 1 4 3 1 5 
2 2 1 1 4 3 2 3 
1 2 1 1 2 4 5 4 
2 2 1 1 4 3 1 5 
1 1 1 1 4 3 3 3 
1 2 1 1 4 3 1 5 
2 2 1 1 4 3 2 3 
1 2 1 1 4 3 2 3 
